0.44581095115948977
0.7452134595427494
0.25408038443717196
0.8271595391266897
0.990456858821471
0.6184138030644896
0.7801933553451064
0.6173398859203552
0.3147700425491756
0.9573646375966318
0.9891053115445011
0.05617583284165184
0.13597124307589636
0.4574033229928006
0.00681432201812926
0.27697945177445515
0.7292645481681691
0.4112224007077213
0.5205306800002916
0.7816374891818143
0.7767028538899895
0.1517635653256142
0.4115383188398113
0.6039135387407871
0.4361551771830604
0.5588988639887315
0.9021460385201111
0.41816427858678573
0.8021079426824402
0.8794733003534755
0.9908293100957789
0.6571921261176741
0.35359927831850735
0.5697362426110395
0.511562805222489
0.061250056127004404
0.5197086336611895
0.3365818969162232
0.10914054943314788
0.34573328339611964
0.9657959328988195
0.9962457296077664
0.5986845334194504
0.8617377829369068
0.32163720728769707
0.23790184337081965
0.8066429591212749
0.05267332827420024
0.4491626508828095
0.49615489841765414
